%%arco(Cidade1,Cidade2,Distancia)
arco(11,236,0.2607162846486552).
arco(3,149,0.2231213195035364).
arco(32,104,0.26694582593852173).
arco(277,1,0.5271678479801309).
arco(136,32,0.17751007355358764).
arco(17,175,0.23681324307985557).
arco(18,111,0.6606922335407014).
arco(13,81,0.5394692618527999).
arco(227,246,0.17607423151898027).
arco(262,227,0.3884871367819048).
arco(16,43,0.3949160967344833).
arco(242,18,0.3759907398114975).
arco(258,1,0.278501888060028).
arco(8,12,0.6187807995162751).
arco(19,15,0.46400473366551453).
arco(13,195,0.2730901160313198).
arco(126,12,0.533713503674958).
arco(13,256,0.1531761045626868).
arco(22,103,0.4497657801345066).
arco(11,202,0.24438779764341992).
arco(18,16,0.6557355776690789).
arco(21,78,0.531352451446305).
arco(21,252,0.3088207007261638).
arco(5,53,0.14819800810064926).
arco(32,204,0.2792463612869474).
arco(5,264,0.4877524737200225).
arco(13,64,0.4331067672641475).
arco(12,251,0.3034765909275373).
arco(32,10,0.5065161728247156).
arco(90,18,0.21187318709548897).
arco(10,235,0.09300984509716935).
arco(21,9,0.8685645652005382).
arco(225,32,0.4636211372068803).
arco(9,13,0.5528273900034261).
arco(17,226,0.3161554980907322).
arco(5,1,0.2967417133552355).
arco(188,15,0.6710088039675779).
arco(165,9,0.25448679095387206).
arco(15,89,0.47252652203765366).
arco(202,11,0.24438779764341992).
arco(42,16,0.32919970070612237).
arco(13,69,0.5116823755895855).
arco(5,127,0.18849776821225286).
arco(20,111,0.03587758739101554).
arco(6,227,0.029072231046133917).
arco(189,17,0.459381810694545).
arco(12,8,0.6187807995162751).
arco(85,227,0.19633898187064017).
arco(11,76,0.6486563320788602).
arco(17,70,0.6033275787836986).
arco(178,18,0.4484177359929039).
arco(227,10,0.4934191052087501).
arco(149,3,0.2231213195035364).
arco(111,192,0.22334387508279785).
arco(201,111,0.5309044747315649).
arco(17,9,1.0286175890217886).
arco(12,118,0.14716073881983086).
arco(13,12,0.9980850624135198).
arco(44,15,0.2696648580293719).
arco(154,1,0.17935300978796037).
arco(32,50,0.3551727624382255).
arco(1,154,0.17935300978796037).
arco(228,13,0.8951832810262936).
arco(218,11,0.47938410239076307).
arco(104,32,0.26694582593852173).
arco(111,108,0.10553149769145195).
arco(16,37,0.1597222678808409).
arco(252,21,0.3088207007261638).
arco(144,3,0.17381284394428392).
arco(18,172,0.26433927868933943).
arco(15,150,0.2606213531869559).
arco(15,17,1.3299338838679131).
arco(22,61,0.43190830648298767).
arco(80,9,0.5262391245147011).
arco(120,11,0.43153925340112453).
arco(5,9,1.000555423530351).
arco(3,248,0.10601444265759458).
arco(148,1,0.25902689086656416).
arco(161,227,0.580796641378891).
arco(17,239,0.5367080625861695).
arco(197,1,0.35862254928684983).
arco(280,111,0.14232884559709005).
arco(9,21,0.8685645652005382).
arco(1,17,0.685159656982226).
arco(11,223,0.6952851888110363).
arco(59,227,0.22449976189742435).
arco(111,199,0.18878289444226734).
arco(22,68,0.18169455111257618).
arco(11,285,0.14642687664837722).
arco(235,10,0.09300984509716935).
arco(129,11,0.30055796028220544).
arco(3,94,0.3622384136256125).
arco(18,242,0.3759907398114975).
arco(274,18,0.23860430529644305).
arco(239,17,0.5367080625861695).
arco(32,71,0.24421284004122218).
arco(142,9,0.17839077165032988).
arco(21,39,0.22641908223911136).
arco(16,230,0.42904373413557567).
arco(10,164,0.19955199637688764).
arco(166,14,0.7873265202506495).
arco(18,32,0.854701338658714).
arco(9,142,0.17839077165032988).
arco(14,16,1.3666373391360955).
arco(21,17,1.2548072796844132).
arco(113,5,0.4174728778268117).
arco(111,201,0.5309044747315649).
arco(76,11,0.6486563320788602).
arco(168,17,0.2865305249009263).
arco(111,45,0.2284008965590972).
arco(21,60,0.4942206031035169).
arco(212,111,0.5249320421025915).
arco(32,123,0.08456279433060503).
arco(14,111,1.1087265543897624).
arco(2,32,0.04369602893856861).
arco(14,268,0.5348762438396346).
arco(109,111,0.30787816781642624).
arco(15,21,0.5285123704257014).
arco(15,16,0.7497332480082555).
arco(1,278,0.11767027557543855).
arco(35,21,0.32523996303191277).
arco(275,227,0.3657397594533581).
arco(11,283,0.4041085941229184).
arco(10,30,0.5660210743117238).
arco(111,72,0.2702992904855654).
arco(103,22,0.4497657801345066).
arco(18,227,0.6835915629621272).
arco(10,122,0.1726725335917671).
arco(183,11,0.089675249205116).
arco(32,225,0.4636211372068803).
arco(1,148,0.25902689086656416).
arco(17,58,0.07118482755475175).
arco(32,115,0.017217895138484467).
arco(12,245,0.3263420490298472).
arco(97,5,0.21996572482093568).
arco(9,31,0.32630424611702713).
arco(200,9,0.5873810054547237).
arco(100,18,0.343680764364259).
arco(5,113,0.4174728778268117).
arco(156,11,0.59619809367189).
arco(162,18,0.2748422028328247).
arco(10,224,0.09541119256145841).
arco(285,11,0.14642687664837722).
arco(177,14,0.33648095080850765).
arco(9,80,0.5262391245147011).
arco(11,218,0.47938410239076307).
arco(13,281,0.27456721237066994).
arco(139,11,0.6808213750066916).
arco(123,32,0.08456279433060503).
arco(32,213,0.07892700802640489).
arco(158,15,0.5556115266847875).
arco(222,13,0.8806252653910173).
arco(37,16,0.1597222678808409).
arco(226,17,0.3161554980907322).
arco(52,10,0.1341203783546681).
arco(40,32,0.5426852296396151).
arco(11,156,0.59619809367189).
arco(220,14,0.31868511361843954).
arco(30,10,0.5660210743117238).
arco(17,184,0.22613153443294481).
arco(125,15,0.438653194819096).
arco(227,237,0.44561613449806753).
arco(159,227,0.26861726058092256).
arco(208,1,0.2904444352247075).
arco(143,227,0.16215265821132852).
arco(10,32,0.5065161728247156).
arco(31,9,0.32630424611702713).
arco(84,1,0.29442267674212835).
arco(227,143,0.16215265821132852).
arco(16,87,0.30923771665500027).
arco(182,3,0.2895621107137461).
arco(184,17,0.22613153443294481).
arco(170,17,0.12718871871750362).
arco(62,17,0.26119354612623563).
arco(192,111,0.22334387508279785).
arco(17,1,0.685159656982226).
arco(47,17,0.2760655157095873).
arco(224,10,0.09541119256145841).
arco(14,133,0.6356665801353683).
arco(133,14,0.6356665801353683).
arco(229,9,0.32492333849848204).
arco(12,73,0.6908264727020809).
arco(33,15,0.6081150174925795).
arco(253,21,0.24848864514299307).
arco(22,247,0.3860705695750459).
arco(207,227,0.4203807644326754).
arco(185,5,0.03571005977312316).
arco(191,17,0.4206480186046279).
arco(105,3,0.26975110774934524).
arco(56,1,0.30341570546034613).
arco(244,17,0.1042170004269936).
arco(14,166,0.7873265202506495).
arco(155,3,0.4496938546255653).
arco(186,17,0.604410505505154).
arco(88,9,0.41925729154899405).
arco(127,5,0.18849776821225286).
arco(15,227,1.0047312708008054).
arco(13,5,1.1590949097852155).
arco(101,17,0.31841625447203487).
arco(108,111,0.10553149769145195).
arco(250,227,0.4941567925921895).
arco(3,111,0.7205716412252139).
arco(5,193,0.2953367305991592).
arco(227,85,0.19633898187064017).
arco(246,227,0.17607423151898027).
arco(15,140,0.43375519742131136).
arco(10,255,0.3303543439475294).
arco(32,173,0.28493040999163416).
arco(14,220,0.31868511361843954).
arco(46,16,0.4593958391300489).
arco(9,216,0.5687397657074801).
arco(134,11,0.552489597194372).
arco(21,15,0.5285123704257014).
arco(111,3,0.7205716412252139).
arco(273,12,0.5285680346908992).
arco(14,267,0.5742657637017888).
arco(3,209,0.19534334798246836).
arco(17,244,0.1042170004269936).
arco(18,178,0.4484177359929039).
arco(3,144,0.17381284394428392).
arco(174,13,0.20472991465342757).
arco(10,52,0.1341203783546681).
arco(9,124,0.5150067446936976).
arco(21,141,0.4226377182422328).
arco(32,67,0.11048245801936118).
arco(3,105,0.26975110774934524).
arco(1,221,0.09536565631819363).
arco(13,174,0.20472991465342757).
arco(172,18,0.26433927868933943).
arco(190,18,0.22379981837570864).
arco(117,17,0.33082410566492954).
arco(164,10,0.19955199637688764).
arco(255,10,0.3303543439475294).
arco(32,153,0.23466162423796874).
arco(72,111,0.2702992904855654).
arco(111,210,0.39702960720455205).
arco(9,5,1.000555423530351).
arco(3,32,0.4438835202730558).
arco(91,21,0.21555718985457198).
arco(16,18,0.6557355776690789).
arco(81,13,0.5394692618527999).
arco(32,3,0.4438835202730558).
arco(15,11,1.3162342033107175).
arco(10,28,0.2952003246102551).
arco(21,79,0.24399418419708463).
arco(66,10,0.21200383908080597).
arco(118,12,0.14716073881983086).
arco(12,126,0.533713503674958).
arco(13,93,0.33175432706145597).
arco(18,206,0.4170440707563177).
arco(73,12,0.6908264727020809).
arco(13,222,0.8806252653910173).
arco(10,187,0.49243430671105776).
arco(223,11,0.6952851888110363).
arco(278,1,0.11767027557543855).
arco(196,227,0.25275822737944376).
arco(1,5,0.2967417133552355).
arco(5,270,0.577908254715226).
arco(95,5,0.23019328688083282).
arco(205,32,0.5764385328567141).
arco(10,96,0.29260437046804394).
arco(269,111,0.5186813896372217).
arco(173,32,0.28493040999163416).
arco(5,95,0.23019328688083282).
arco(21,65,0.521607030099288).
arco(227,262,0.3884871367819048).
arco(12,273,0.5285680346908992).
arco(111,109,0.30787816781642624).
arco(147,16,0.3052622024440632).
arco(74,3,0.4321400443027701).
arco(32,205,0.5764385328567141).
arco(15,33,0.6081150174925795).
arco(132,10,0.3248484355403323).
arco(116,21,0.11993437007379988).
arco(11,231,0.5230645517811334).
arco(112,14,0.24954138705433185).
arco(131,18,0.6111600537093358).
arco(22,83,0.26397200935894977).
arco(17,5,0.7327650297940018).
arco(130,227,0.142150577533122).
arco(89,15,0.47252652203765366).
arco(251,12,0.3034765909275373).
arco(10,18,0.7360115074277037).
arco(206,18,0.4170440707563177).
arco(111,20,0.03587758739101554).
arco(12,249,0.14101013114312008).
arco(122,10,0.1726725335917671).
arco(141,21,0.4226377182422328).
arco(1,277,0.5271678479801309).
arco(12,34,0.981285556658203).
arco(15,44,0.2696648580293719).
arco(257,18,0.21254637837893137).
arco(216,9,0.5687397657074801).
arco(230,16,0.42904373413557567).
arco(171,18,0.1590397461391349).
arco(199,111,0.18878289444226734).
arco(10,63,0.2955142971583624).
arco(124,9,0.5150067446936976).
arco(227,15,1.0047312708008054).
arco(211,111,0.1714472761317603).
arco(187,10,0.49243430671105776).
arco(272,22,0.5214417072482815).
arco(254,13,0.3871626502505147).
arco(145,3,0.09846682916089407).
arco(18,119,0.44766090704683603).
arco(36,14,0.5056195827388418).
arco(3,155,0.4496938546255653).
arco(284,12,0.5437185976817422).
arco(111,18,0.6606922335407014).
arco(111,32,0.8799195546707675).
arco(5,13,1.1590949097852155).
arco(18,110,0.47937356402809467).
arco(32,136,0.17751007355358764).
arco(227,207,0.4203807644326754).
arco(18,10,0.7360115074277037).
arco(17,279,0.23312600212117188).
arco(39,21,0.22641908223911136).
arco(28,10,0.2952003246102551).
arco(10,132,0.3248484355403323).
arco(181,1,0.4419662078688811).
arco(10,66,0.21200383908080597).
arco(227,130,0.142150577533122).
arco(15,19,0.46400473366551453).
arco(16,238,0.4664600129593109).
arco(210,111,0.39702960720455205).
arco(92,18,0.14138630121055212).
arco(214,14,0.7171857120864815).
arco(17,11,0.5285827684715009).
arco(5,17,0.7327650297940018).
arco(17,21,1.2548072796844132).
arco(12,13,0.9980850624135198).
arco(203,14,0.4678652433767606).
arco(15,241,0.318228579132993).
arco(209,3,0.19534334798246836).
arco(247,22,0.3860705695750459).
arco(195,13,0.2730901160313198).
arco(270,5,0.577908254715226).
arco(9,229,0.32492333849848204).
arco(1,258,0.278501888060028).
arco(18,27,0.7014658435340964).
arco(17,191,0.4206480186046279).
arco(94,3,0.3622384136256125).
arco(63,10,0.2955142971583624).
arco(256,13,0.1531761045626868).
arco(78,21,0.531352451446305).
arco(17,170,0.12718871871750362).
arco(3,145,0.09846682916089407).
arco(160,10,0.3633842532870636).
arco(5,57,0.22795112579892973).
arco(21,91,0.21555718985457198).
arco(27,18,0.7014658435340964).
arco(276,12,0.0915945449958673).
arco(15,125,0.438653194819096).
arco(150,15,0.2606213531869559).
arco(18,100,0.343680764364259).
arco(98,18,0.18828141533353665).
arco(9,200,0.5873810054547237).
arco(18,102,0.4971390741110591).
arco(1,240,0.273212510000911).
arco(17,114,0.4184535402168297).
arco(140,15,0.43375519742131136).
arco(236,11,0.2607162846486552).
arco(22,26,0.34783354444619324).
arco(179,3,0.15403870018927107).
arco(13,228,0.8951832810262936).
arco(153,32,0.23466162423796874).
arco(3,182,0.2895621107137461).
arco(1,56,0.30341570546034613).
arco(16,227,1.2005309899373713).
arco(34,12,0.981285556658203).
arco(50,32,0.3551727624382255).
arco(157,5,0.21579878229730573).
arco(14,112,0.24954138705433185).
arco(18,274,0.23860430529644305).
arco(32,137,0.33336229522848027).
arco(11,1,1.0820741099818414).
arco(12,276,0.0915945449958673).
arco(13,266,0.17365648658198696).
arco(227,196,0.25275822737944376).
arco(18,41,0.5691745040749776).
arco(53,5,0.14819800810064926).
arco(268,14,0.5348762438396346).
arco(21,265,0.4598302207902416).
arco(18,107,0.4353257473628236).
arco(271,111,0.2377578519018869).
arco(17,15,1.3299338838679131).
arco(227,138,0.15103356366715276).
arco(198,13,0.42338495445398666).
arco(279,17,0.23312600212117188).
arco(96,10,0.29260437046804394).
arco(227,16,1.2005309899373713).
arco(15,188,0.6710088039675779).
arco(17,49,0.7608061663295054).
arco(10,227,0.4934191052087501).
arco(10,167,0.2183583286641468).
arco(180,10,0.29927621856238296).
arco(204,32,0.2792463612869474).
arco(1,84,0.29442267674212835).
arco(5,135,0.5556927720458511).
arco(3,176,0.463004581826141).
arco(9,215,0.46031344176875416).
arco(261,9,0.5053633893239575).
arco(227,232,0.3132286286037714).
arco(16,217,0.5499494440637257).
arco(13,198,0.42338495445398666).
arco(87,16,0.30923771665500027).
arco(243,10,0.049434474094501996).
arco(54,22,0.25969561291057724).
arco(3,179,0.15403870018927107).
arco(58,17,0.07118482755475175).
arco(18,121,0.19442593706087513).
arco(5,97,0.21996572482093568).
arco(10,160,0.3633842532870636).
arco(32,111,0.8799195546707675).
arco(43,16,0.3949160967344833).
arco(18,260,0.44875807374798377).
arco(22,77,0.7102883583679264).
arco(15,158,0.5556115266847875).
arco(111,211,0.1714472761317603).
arco(237,227,0.44561613449806753).
arco(17,62,0.26119354612623563).
arco(71,32,0.24421284004122218).
arco(1,86,0.11475376490991542).
arco(3,22,0.4368540138421528).
arco(1,11,1.0820741099818414).
arco(12,75,0.9212189989361916).
arco(227,59,0.22449976189742435).
arco(18,14,1.6244653841907466).
arco(45,111,0.2284008965590972).
arco(227,11,0.5985448787350863).
arco(18,190,0.22379981837570864).
arco(86,1,0.11475376490991542).
arco(115,32,0.017217895138484467).
arco(238,16,0.4664600129593109).
arco(21,106,0.5818799494062318).
arco(16,147,0.3052622024440632).
arco(245,12,0.3263420490298472).
arco(11,15,1.3162342033107175).
arco(259,11,0.12728900427766662).
arco(9,82,0.36233017142517976).
arco(266,13,0.17365648658198696).
arco(114,17,0.4184535402168297).
arco(167,10,0.2183583286641468).
arco(26,22,0.34783354444619324).
arco(18,257,0.21254637837893137).
arco(14,214,0.7171857120864815).
arco(11,139,0.6808213750066916).
arco(16,14,1.3666373391360955).
arco(16,46,0.4593958391300489).
arco(249,12,0.14101013114312008).
arco(221,1,0.09536565631819363).
arco(231,11,0.5230645517811334).
arco(57,5,0.22795112579892973).
arco(227,18,0.6835915629621272).
arco(233,9,0.3914738316937676).
arco(119,18,0.44766090704683603).
arco(3,74,0.4321400443027701).
arco(29,16,0.28947959488882913).
arco(5,157,0.21579878229730573).
arco(241,15,0.318228579132993).
arco(227,250,0.4941567925921895).
arco(227,275,0.3657397594533581).
arco(16,15,0.7497332480082555).
arco(49,17,0.7608061663295054).
arco(18,171,0.1590397461391349).
arco(282,16,0.25523191040698795).
arco(21,219,0.1104413457723132).
arco(176,3,0.463004581826141).
arco(18,92,0.14138630121055212).
arco(9,165,0.25448679095387206).
arco(169,1,0.3948216767668621).
arco(11,183,0.089675249205116).
arco(21,35,0.32523996303191277).
arco(263,12,0.5337335663605947).
arco(14,234,0.6974221345791912).
arco(213,32,0.07892700802640489).
arco(146,3,0.20092600878930797).
arco(70,17,0.6033275787836986).
arco(9,88,0.41925729154899405).
arco(18,90,0.21187318709548897).
arco(18,131,0.6111600537093358).
arco(18,162,0.2748422028328247).
arco(267,14,0.5742657637017888).
arco(227,161,0.580796641378891).
arco(14,177,0.33648095080850765).
arco(11,227,0.5985448787350863).
arco(1,197,0.35862254928684983).
arco(32,18,0.854701338658714).
arco(102,18,0.4971390741110591).
arco(5,185,0.03571005977312316).
arco(111,14,1.1087265543897624).
arco(14,18,1.6244653841907466).
arco(21,253,0.24848864514299307).
arco(51,16,0.2600432806918845).
arco(217,16,0.5499494440637257).
arco(12,38,0.6469395221417512).
arco(10,163,0.26000107969390884).
arco(110,18,0.47937356402809467).
arco(12,284,0.5437185976817422).
arco(79,21,0.24399418419708463).
arco(151,17,0.28289167263283377).
arco(16,282,0.25523191040698795).
arco(111,271,0.2377578519018869).
arco(106,21,0.5818799494062318).
arco(10,180,0.29927621856238296).
arco(25,12,0.7465758664690403).
arco(65,21,0.521607030099288).
arco(22,3,0.4368540138421528).
arco(17,151,0.28289167263283377).
arco(17,47,0.2760655157095873).
arco(11,17,0.5285827684715009).
arco(227,159,0.26861726058092256).
arco(41,18,0.5691745040749776).
arco(93,13,0.33175432706145597).
arco(281,13,0.27456721237066994).
arco(12,25,0.7465758664690403).
arco(16,51,0.2600432806918845).
arco(227,48,0.11954373469989862).
arco(11,129,0.30055796028220544).
arco(265,21,0.4598302207902416).
arco(137,32,0.33336229522848027).
arco(260,18,0.44875807374798377).
arco(16,42,0.32919970070612237).
arco(17,189,0.459381810694545).
arco(22,54,0.25969561291057724).
arco(135,5,0.5556927720458511).
arco(60,21,0.4942206031035169).
arco(152,32,0.08659200254642828).
arco(9,233,0.3914738316937676).
arco(193,5,0.2953367305991592).
arco(9,261,0.5053633893239575).
arco(13,254,0.3871626502505147).
arco(240,1,0.273212510000911).
arco(11,134,0.552489597194372).
arco(138,227,0.15103356366715276).
arco(107,18,0.4353257473628236).
arco(121,18,0.19442593706087513).
arco(163,10,0.26000107969390884).
arco(175,17,0.23681324307985557).
arco(232,227,0.3132286286037714).
arco(12,263,0.5337335663605947).
arco(111,269,0.5186813896372217).
arco(32,128,0.47078335285776646).
arco(99,1,0.5482290681020123).
arco(61,22,0.43190830648298767).
arco(111,280,0.14232884559709005).
arco(32,2,0.04369602893856861).
arco(283,11,0.4041085941229184).
arco(69,13,0.5116823755895855).
arco(219,21,0.1104413457723132).
arco(18,98,0.18828141533353665).
arco(17,186,0.604410505505154).
arco(128,32,0.47078335285776646).
arco(234,14,0.6974221345791912).
arco(17,101,0.31841625447203487).
arco(1,208,0.2904444352247075).
arco(227,6,0.029072231046133917).
arco(68,22,0.18169455111257618).
arco(10,243,0.049434474094501996).
arco(11,120,0.43153925340112453).
arco(11,259,0.12728900427766662).
arco(32,40,0.5426852296396151).
arco(264,5,0.4877524737200225).
arco(64,13,0.4331067672641475).
arco(1,169,0.3948216767668621).
arco(32,152,0.08659200254642828).
arco(82,9,0.36233017142517976).
arco(9,17,1.0286175890217886).
arco(83,22,0.26397200935894977).
arco(67,32,0.11048245801936118).
arco(248,3,0.10601444265759458).
arco(75,12,0.9212189989361916).
arco(17,117,0.33082410566492954).
arco(3,55,0.16295493644870063).
arco(16,194,0.40594858403497336).
arco(194,16,0.40594858403497336).
arco(1,181,0.4419662078688811).
arco(3,146,0.20092600878930797).
arco(77,22,0.7102883583679264).
arco(38,12,0.6469395221417512).
arco(215,9,0.46031344176875416).
arco(1,99,0.5482290681020123).
arco(14,36,0.5056195827388418).
arco(48,227,0.11954373469989862).
arco(21,116,0.11993437007379988).
arco(17,168,0.2865305249009263).
arco(13,9,0.5528273900034261).
arco(14,203,0.4678652433767606).
arco(111,212,0.5249320421025915).
arco(22,272,0.5214417072482815).
arco(55,3,0.16295493644870063).
arco(16,29,0.28947959488882913).
